Word Profiles:
la: 1 anagrams: al (9) 
el: 1 anagrams: le (4) 
se: 1 anagrams: es (3) 
al: 1 anagrams: la (88) 
es: 1 anagrams: se (14) 
le: 1 anagrams: el (48) 
12: 1 anagrams: 21 (1) 
21: 1 anagrams: 12 (1) 

Character Profiles (# times in anagrammable word / # total occurences):
l: 149/536 = 27.798507462686565%
a: 97/1047 = 9.264565425023878%
2: 2/27 = 7.4074074074074066%
1: 2/29 = 6.896551724137931%
e: 69/1291 = 5.344694035631294%
s: 17/674 = 2.522255192878338%
